DROP TABLE
DROP TABLE
DROP TABLE
CREATE TABLE
COPY 319
SELECT 1
SELECT 312
 num | zip_code | total_pop | med_age | pct_male | avg_hm_size | distance 
-----+----------+-----------+---------+----------+-------------+----------
   1 |    91763 |     36375 |    30.8 |   0.4976 |        3.81 |   0.1721
   2 |    90040 |     12520 |    31.2 |   0.4895 |        3.75 |   0.3107
   3 |    91767 |     48068 |    31.2 |   0.4927 |        3.47 |   0.3607
   4 |    90303 |     26176 |    30.4 |   0.4864 |        3.58 |   0.5083
   5 |    90602 |     25777 |    30.9 |   0.4935 |        3.09 |   0.5801
   6 |    91303 |     26855 |    31.1 |   0.5179 |        3.08 |   0.6232
   7 |    90806 |     42399 |    30.3 |   0.4886 |        3.44 |   0.6427
   8 |    91732 |     61386 |    31.4 |   0.5010 |        4.13 |   0.6794
   9 |    90242 |     43497 |    31.6 |   0.4876 |        3.41 |   0.7469
  10 |    91706 |     76571 |    30.5 |   0.4959 |        4.35 |   0.7889
(10 rows)
